   Rotamer making statitics:
   Residue   Start  Clean   Swap Rotate   Self  Hbond Repack  Ioni.   TorH     OH  Elect
   LYS_0001      1      1      1   1297    268    268     42     40     40     40     40
   GLU_0002      1      1      1    109     24     24     15     45     75     75     75
   THR_0003      1      1      1      7      3      3      3      3      5      5      5
   ALA_0004      1      1      1      2      1      1      1      1      1      1      1
   ALA_0005      1      1      1      2      1      1      1      1      1      1      1
   ALA_0006      1      1      1      2      1      1      1      1      1      1      1
   LYS_0007      1      1      1   1297    117    117     74     40     40     40     40
   PHE_0008      1      1      1     37      9      9      8      8      8      8      8
   GLU_0009      1      1      1    217     46     46     23     60     79     79     79
   ARG_0010      1      1      1   1297    186    186     53     80     98     98     98
   GLN_0011      1      1      2    217     52     52     24     20     20     20     20
   HIS_0012      1      1      2     38     13     13     10     30     27     27     27
   MET_0013      1      1      1    217     62     62     39     20     20     20     20
   Total        13     13     15   4739    783    783    294    349    415    415    415
